0.00731481
0.0257044
0.0617141
0.0429008
0.0434123
0.0570627
0.0291111
0.0347096
0.0170644
0.0112809
0.0105994
0.042608
0.0608668
0.0708528
0.0521306
0.17962
0.283961
0.176376
0.100066
0.0819989
0.0355617
0.0667697
0.0770125
0.308735
0.300619
0.280832
0.206522
0.189065
0.27074
0.167126
0.0667656
0.115088
0.0556654
0.568032
0.205401
0.479422
1.08053
1.47013
4.48576
20.0367
424.832
699.766
284.977
11.4317
3.54671
1.88748
0.283058
0.480753
0.364748
0.15064
0.111516
0.231684
0.141985
0.272694
0.310874
0.421733
0.0998334
0.144866
0.0160777
0.129725
0.0655353
0.0759936
0.092685
0.0514464
0.0099278
0.0403233
0.0503984
0.0867559
0.0634505
0.0951449
0.0430049
0.074049
0.0338148
0.0479225
0.0221549
0.0432157
0.107274
0.0865926
0.0736033
0.140507
0.178327
0.0494954
0.0476404
0.104482
0.115478
0.0216342
0.0378558
0.0516096
0.0272418
0.0156673
0.0302064
0.0258979
0.0132156
0.020572
0.0215588
0.0195825
0.00447311
0.0132852
0.0244079
0.0131194
0.0112981
0.0289465
0.0238216
0.00578573
0.0208173
0.0192872
0.0103788
0.00308119
0.00697419
0.00813699
0.00565302
0.00225074
0.00179416
0.00117058
0.000905778
0.00154186
0.00272039
0.00291183
0.0038886
0.00196509
0.00139189
0.0028188
0.0011857
0.00340012
0.00221748
0.00117526
0.0030983
0.00277288
0.00111067
0.00126481
0.00204506
0.00134272
0.00102976
0.00088113
0.000527944
0.00114453
0.00103572
0.00103901
0.00046148
0.000954348
0.0014999
0.00126143
0.000768597
0.0011105
0.000877335
0.000658031
0.00175572
0.00132132
0.000440253
0.00142105
0.000903465
0.000581511
0.00111738
0.00160034
0.00125392
0.00023608
0.000371496
0.000332265
8.51014e-05
9.16083e-05
8.8801e-05
3.88438e-05
1.06231e-05
4.62891e-05
4.04307e-05
1.07847e-05
3.2256e-05
4.69098e-05
0.000683084
0.00115242
0.000448379
4.19815e-05
5.60128e-05
3.45459e-05
5.73187e-05
4.0989e-05
8.76451e-05
5.24512e-05
0.000123968
0.000288568
0.000645373
0.00100506
0.00127294
0.00142157
0.00130283
0.00107604
0.000727418
0.000370386
0.000142855
4.00188e-05
7.11278e-05
4.40346e-05
3.01801e-05
2.61111e-05
6.28348e-05
3.09815e-05
4.57027e-05
7.80498e-05
0.000110478
7.89021e-05
5.85455e-05
8.49764e-05
0.000110713
0.000157366
0.00027821
0.000587677
0.000933447
0.00121081
0.00125375
0.0011046
0.00097902
0.000821352
0.000144609
0.000644427
0.00109893
0.00282218
0.00156582
0.000561634
0.000465741
0.000274255
0.000117135
5.05118e-05
4.81438e-05
5.43954e-05
2.79469e-05
3.28232e-05
2.04448e-05
9.53314e-06
1.11404e-05
8.85349e-06
1.79597e-05
1.46293e-05
1.14063e-05
6.40331e-06
1.39497e-06
4.8383e-06
5.00488e-06
7.06268e-06
8.20913e-06
6.65243e-06
5.68196e-06
6.70424e-06
1.00596e-06
2.65311e-06
6.72943e-06
1.85977e-06
5.54951e-06
3.56917e-06
7.00059e-07
5.47944e-06
2.30883e-06
2.46811e-06
3.08583e-06
1.87511e-06
4.07327e-06
2.82828e-06
5.81646e-07
4.25262e-07
3.63173e-06
1.83014e-06
5.72566e-07
1.09824e-06
2.00514e-06
2.56391e-06
2.33158e-06
6.05514e-06
4.28787e-06
2.70612e-06
2.14299e-06
2.08578e-06
1.3003e-06
2.11115e-06
2.19288e-06
2.17001e-06
3.17752e-06
1.31985e-06
4.11789e-06
1.78868e-06
3.34263e-06
1.15685e-05
1.86235e-06
4.1569e-06
1.97884e-06
2.51694e-06
2.34237e-06
2.77994e-06
3.28071e-06
2.83116e-06
4.4635e-07
5.3158e-06
1.86816e-06
1.67685e-06
3.14704e-06
4.03207e-06
8.13917e-06
2.82032e-05
0.00069393
0.00115904
0.000479063
7.15249e-06
2.53219e-05
2.87345e-05
2.99062e-05
2.55759e-05
2.02597e-05
2.56647e-05
2.55479e-05
2.23266e-05
1.636e-05
9.12458e-06
1.20247e-05
2.13043e-05
2.39846e-05
2.91369e-05
3.86585e-05
4.12284e-05
4.6576e-05
0.000125615
0.00026474
0.000432589
0.000586648
0.00068604
0.000709437
0.000652724
0.000528463
0.000372843
0.00022476
0.000117226
8.65764e-05
9.04528e-05
8.79597e-05
0.000130912
0.000256696
0.000423961
0.000604416
0.000750029
0.000815543
0.000769085
0.000618786
0.000441656
0.000417068
0.000595042
0.0011919
0.00132047
0.000153962
0.000615684
0.000426407
0.000246247
0.000109693
4.79604e-05
4.03577e-05
3.07839e-05
1.80942e-05
1.38592e-05
1.315e-05
6.81116e-06
3.68973e-06
5.96041e-06
2.75065e-06
3.72437e-06
3.09664e-06
1.22984e-06
2.80439e-06
2.30067e-06
8.00957e-07
4.70609e-06
3.03059e-06
2.27168e-06
3.80442e-06
1.22046e-06
4.95603e-07
5.43081e-07
1.22611e-06
2.58361e-06
1.76184e-06
1.3375e-06
3.62951e-06
4.52156e-06
1.94354e-06
1.47033e-07
9.15133e-07
8.93852e-07
2.41643e-06
3.71232e-06
9.9695e-07
1.1624e-06
1.49417e-06
2.62349e-06
1.88013e-06
3.41994e-06
3.38376e-06
4.96044e-06
2.53919e-06
7.38749e-06
3.99652e-06
4.18108e-06
1.33274e-06
2.24595e-06
4.11127e-06
1.21694e-06
1.23916e-06
1.232e-06
1.49156e-06
1.30623e-06
1.25873e-06
1.44349e-06
7.11877e-06
3.19457e-06
6.22151e-06
2.63805e-06
3.56916e-06
3.37622e-06
1.53538e-06
3.39744e-06
1.75839e-06
8.95932e-07
6.9417e-07
1.70271e-06
1.11544e-06
5.14212e-06
3.44192e-06
1.94751e-06
1.47775e-05
5.75986e-05
0.00119235
0.00196153
0.000804125
3.25235e-05
8.30634e-06
4.563e-06
2.15583e-06
4.43271e-06
8.88052e-07
3.69537e-06
1.72588e-06
1.56812e-06
5.72629e-07
1.71018e-06
6.40088e-07
4.56718e-06
3.86213e-06
2.43072e-06
4.03045e-06
3.55668e-06
1.05639e-06
8.79738e-07
1.13439e-06
1.84061e-06
2.08964e-06
3.05805e-06
1.54109e-06
1.13147e-06
2.47456e-06
9.74666e-07
2.28495e-06
1.15343e-06
1.5686e-06
4.28809e-06
2.96062e-06
3.00898e-06
1.08026e-06
8.49035e-07
2.35962e-06
8.45517e-07
2.39434e-06
4.15666e-07
2.05169e-06
2.3404e-06
2.93049e-06
8.15658e-06
0.00021815
0.000540236
0.00032788
1.6057e-05
6.99544e-06
4.54669e-06
3.89551e-06
3.76944e-06
7.14312e-07
1.5324e-06
1.96031e-06
8.41007e-07
1.902e-06
2.63575e-06
6.56375e-07
2.17207e-06
9.56538e-07
3.18303e-06
7.43269e-06
3.05782e-06
2.808e-06
9.79681e-07
1.95633e-06
1.90317e-06
1.52491e-06
2.17337e-06
2.47426e-06
5.04007e-06
2.45445e-06
2.09531e-06
1.57485e-06
2.26731e-06
2.89797e-06
2.64659e-06
2.56249e-07
3.02699e-06
4.47836e-06
1.47869e-06
3.18649e-06
1.28087e-06
1.05384e-06
3.91362e-06
1.3992e-06
3.76175e-06
9.00166e-07
1.82444e-06
2.50504e-06
1.04209e-06
2.6466e-06
1.51925e-06
3.66708e-06
4.76712e-06
4.06363e-06
2.81318e-06
1.71978e-06
2.63452e-07
1.01647e-06
4.35435e-06
3.36164e-06
4.97644e-06
2.12238e-06
1.4889e-06
1.30504e-06
1.26478e-06
3.17888e-06
7.85876e-06
1.50316e-06
2.41113e-06
2.51744e-06
3.01838e-06
5.07639e-07
8.25538e-07
9.5404e-07
3.26416e-06
2.14046e-06
1.24466e-06
1.64104e-06
6.85568e-07
4.481e-07
1.79148e-06
1.324e-06
1.22865e-05
0.000275593
0.000455692
0.000191889
9.08419e-06
2.71756e-06
3.3286e-06
1.98359e-06
9.56196e-07
3.52009e-06
2.09023e-06
2.4685e-06
3.34956e-06
2.70897e-06
1.21036e-06
2.17917e-06
3.74687e-06
1.27469e-06
1.23136e-06
3.18214e-06
1.61549e-06
3.69006e-06
1.13201e-06
1.4507e-06
1.87731e-06
2.17267e-06
1.31021e-06
3.90884e-06
1.24402e-06
2.31427e-06
2.08506e-06
3.06816e-06
3.24131e-06
1.15223e-06
3.38991e-06
1.54827e-06
1.156e-06
1.74477e-06
1.27685e-06
9.34279e-07
1.92813e-06
2.86112e-06
1.55995e-06
1.0955e-06
5.6075e-07
4.76461e-06
2.20627e-05
0.000529291
0.00130294
0.000784218
3.49399e-05
1.16869e-05
2.47991e-06
4.09451e-06
1.06453e-06
2.84433e-06
3.56384e-06
2.30506e-06
2.3147e-06
2.25904e-06
2.1093e-06
1.11952e-06
1.14838e-06
3.16421e-07
1.60139e-06
6.52465e-06
2.34676e-06
1.79557e-06
1.32632e-06
1.60339e-06
1.13945e-06
2.50685e-06
3.00004e-06
1.41423e-06
3.7464e-06
2.25084e-06
1.73709e-06
6.07839e-07
2.08792e-06
8.80307e-07
5.77012e-06
9.50647e-07
2.00867e-06
3.78292e-06
1.73729e-06
1.82153e-06
9.24759e-07
3.99143e-06
1.63581e-06
2.35496e-06
7.9915e-07
1.83816e-06
2.20294e-06
1.20431e-06
2.00794e-06
6.17708e-07
2.1246e-06
2.47553e-06
1.08071e-06
2.37477e-06
1.93982e-06
5.94371e-07
2.33031e-06
2.79123e-06
1.56458e-06
2.76016e-06
2.8741e-06
5.97971e-07
1.17378e-06
9.51955e-07
1.38828e-06
4.27208e-06
4.922e-06
2.81894e-06
2.38827e-06
3.04589e-06
6.13247e-07
1.20671e-06
2.52688e-06
1.25211e-06
3.14835e-06
1.86409e-06
3.9301e-06
2.2046e-06
1.1063e-06
3.90934e-07
4.42677e-06
9.99941e-07
6.28433e-06
8.35986e-05
0.000136022
5.49959e-05
3.45948e-06
1.69154e-07
8.71209e-07
1.8556e-06
5.09839e-07
2.17009e-06
4.23641e-06
2.68676e-06
8.89609e-07
1.57902e-06
1.00527e-06
2.59059e-07
1.7888e-06
2.43063e-06
4.19192e-06
1.58388e-06
2.39909e-06
1.33605e-06
3.19066e-06
2.73945e-06
6.27817e-07
6.05227e-07
3.1538e-06
1.51999e-06
1.49271e-06
2.20588e-06
1.64941e-06
9.93187e-07
2.99026e-06
2.15892e-06
4.72197e-06
3.13089e-06
1.852e-06
1.32735e-06
1.80452e-06
1.9811e-06
3.01595e-06
3.60251e-06
2.29245e-06
5.52204e-06
5.64732e-06
2.09526e-06
1.35233e-05
0.000310073
0.000776791
0.000464377
2.07891e-05
6.19997e-06
3.31057e-06
1.03303e-06
2.20612e-06
1.56725e-06
1.95553e-06
9.10782e-07
2.17631e-06
1.65733e-06
1.32196e-06
7.00973e-07
1.91582e-06
1.60499e-06
9.10528e-07
1.08326e-05
4.49307e-06
5.01044e-06
1.99703e-06
2.19622e-06
2.29122e-06
2.21029e-06
1.18968e-06
2.5972e-06
1.86009e-06
1.27777e-07
8.48118e-07
1.78344e-07
1.55083e-06
8.9751e-07
3.37521e-06
3.09588e-06
2.86673e-06
6.37008e-07
1.46541e-06
8.60728e-07
2.90467e-06
2.90821e-07
1.42946e-06
1.57664e-06
2.56554e-06
1.11394e-06
2.946e-06
3.03259e-06
1.10973e-06
2.44547e-06
4.1336e-06
2.17759e-06
3.21912e-06
2.2666e-06
2.44589e-06
1.35128e-06
2.15879e-06
7.34109e-07
1.237e-06
4.87481e-06
1.70495e-06
3.24269e-07
3.2014e-06
4.54971e-06
3.81886e-06
6.77483e-07
6.87797e-06
4.31846e-06
9.22899e-07
2.40444e-06
1.24711e-06
1.317e-06
6.81196e-07
1.17856e-06
1.6212e-06
1.52062e-06
1.67704e-06
1.2591e-06
4.89249e-06
3.3027e-06
9.59987e-07
2.58201e-06
2.25458e-05
0.000457888
0.000746954
0.000303747
1.1705e-05
2.89845e-06
4.17601e-06
7.31985e-07
9.16866e-07
1.53973e-06
1.76811e-07
1.34592e-06
1.81001e-06
7.80082e-07
4.60063e-07
1.96663e-06
2.18471e-06
2.78549e-06
6.76638e-06
3.80916e-06
3.92778e-06
1.81596e-06
4.3495e-06
3.27523e-06
3.91326e-06
2.03871e-06
1.13088e-06
2.96692e-06
1.3169e-06
1.88297e-06
1.33913e-06
1.2784e-06
1.82252e-06
8.90101e-07
1.39804e-06
6.15487e-07
2.23055e-06
2.86668e-06
1.75301e-06
6.4123e-07
3.45972e-06
1.45116e-06
3.83095e-06
2.02641e-06
5.19231e-06
4.08329e-06
2.01869e-05
0.000484208
0.00118866
0.000724769
3.82704e-05
4.50677e-06
6.51296e-06
2.27842e-06
1.31328e-06
3.00059e-06
1.05005e-06
2.93587e-06
1.806e-06
1.5964e-06
3.93656e-06
2.86395e-06
2.35066e-06
3.54183e-06
1.66744e-06
9.94712e-06
6.99627e-06
1.45896e-05
1.28271e-05
1.20759e-05
7.17379e-06
3.07908e-06
1.59775e-06
3.03075e-06
2.33339e-06
3.57108e-06
3.35545e-06
1.65414e-06
1.3808e-06
1.09895e-06
5.36585e-06
2.16017e-06
4.47166e-06
8.32052e-08
6.84062e-07
1.46824e-06
5.24049e-07
6.93591e-07
1.96391e-06
1.75114e-06
1.73976e-06
3.41212e-06
1.5325e-06
3.10939e-06
5.68686e-07
2.62145e-06
6.45977e-07
6.27277e-07
2.53232e-06
2.2779e-06
2.3842e-06
1.53488e-06
3.88505e-06
9.06101e-07
1.53887e-06
2.19104e-06
2.21138e-06
2.15148e-06
1.72292e-06
3.85063e-07
2.90807e-06
5.14975e-06
4.71012e-06
2.85149e-06
2.00465e-06
1.69433e-06
1.79329e-06
1.5527e-06
5.91034e-07
2.10841e-06
1.95955e-06
1.89629e-06
2.44053e-06
1.01518e-06
2.23712e-06
3.74291e-06
2.67223e-06
5.9619e-06
2.09669e-05
0.000440577
0.000716209
0.000297806
1.25033e-05
2.51162e-06
2.01817e-06
1.33836e-06
4.6725e-06
3.24857e-06
1.34667e-06
1.12426e-06
2.10965e-06
1.39216e-06
2.02111e-06
3.01625e-06
4.32238e-06
1.44174e-06
4.07591e-06
4.80752e-06
9.50621e-06
1.31361e-05
1.53408e-05
1.01282e-05
5.47555e-06
3.64136e-06
3.80015e-06
1.53022e-06
1.78361e-06
2.27877e-06
2.2339e-06
1.75967e-06
4.39356e-06
1.04479e-06
4.375e-06
4.32317e-06
1.45894e-06
6.21368e-07
8.76574e-07
1.39404e-06
8.20999e-07
3.53192e-06
2.68574e-06
2.40445e-06
4.60131e-06
6.9391e-06
1.94893e-05
0.000533329
0.00130323
0.000779
3.57418e-05
8.32337e-06
2.88375e-06
2.99219e-06
6.3406e-07
3.88302e-06
4.55328e-06
5.39335e-07
5.08268e-06
1.69249e-06
2.6826e-06
3.67094e-06
4.0651e-06
2.7294e-06
1.18162e-06
1.0752e-05
6.98095e-06
6.08125e-06
2.62256e-06
1.18051e-06
1.25571e-06
2.8789e-06
1.77037e-06
1.79477e-06
3.19434e-06
1.23357e-06
9.85402e-07
1.89631e-06
2.36368e-06
2.79494e-06
4.23093e-06
1.70304e-06
1.42417e-06
1.40675e-06
9.94172e-07
6.02036e-07
1.66442e-06
2.78706e-06
2.02198e-06
1.649e-06
4.69481e-07
2.14132e-06
2.49302e-06
5.19729e-07
2.74176e-06
3.27716e-07
3.53055e-06
3.68611e-06
1.37489e-06
2.18313e-06
3.38121e-06
2.64048e-06
1.19061e-06
9.65857e-07
2.06441e-06
2.46561e-06
9.71048e-07
1.12087e-06
9.76242e-07
9.73887e-07
6.68119e-07
4.23734e-06
2.79987e-06
3.25005e-06
3.20794e-07
2.00959e-06
1.54006e-06
8.73089e-07
1.14646e-06
2.95827e-06
3.05024e-06
5.12979e-07
3.54338e-06
3.32707e-06
3.32389e-06
1.19094e-06
4.31354e-06
1.09296e-05
4.72456e-05
0.0010322
0.00168218
0.00069315
2.81093e-05
1.03869e-05
5.58636e-06
1.64944e-06
1.63243e-06
2.92713e-07
2.22911e-06
3.18421e-06
2.27007e-06
2.01297e-06
1.98683e-06
1.06009e-06
2.95183e-06
1.95722e-06
1.88203e-06
1.04487e-06
2.00643e-06
1.61729e-06
6.30186e-07
7.96407e-07
1.02608e-06
1.71139e-06
2.43059e-07
3.08356e-07
2.29006e-06
1.33193e-06
8.80924e-07
1.32042e-06
2.88725e-06
2.32749e-06
3.85276e-06
3.78832e-07
2.1729e-06
1.70809e-06
2.0466e-06
3.57573e-07
1.73478e-06
2.28341e-06
3.61693e-06
2.05619e-06
5.09567e-06
2.94412e-06
1.4248e-05
0.000339795
0.000834622
0.000504557
2.09125e-05
7.84259e-06
2.02527e-06
2.23041e-06
1.57093e-06
1.98707e-06
2.76784e-06
1.36507e-06
7.85762e-07
1.0107e-06
1.7442e-06
1.14949e-06
2.07473e-06
1.46808e-06
2.14974e-06
5.94895e-06
7.90616e-06
4.66774e-06
2.72206e-06
6.2469e-07
1.05212e-06
4.50851e-07
7.44946e-07
1.00251e-06
2.86799e-06
2.248e-06
1.12527e-06
2.20363e-06
3.74865e-06
1.8702e-06
3.05042e-06
2.20184e-06
4.83332e-07
1.59662e-06
9.69786e-07
1.27974e-06
1.04208e-06
7.70302e-07
1.63359e-06
1.36701e-06
7.874e-07
2.04245e-06
2.36245e-06
1.7934e-06
8.58772e-07
8.13652e-07
1.10439e-06
3.05791e-06
4.29895e-06
8.51261e-07
1.92934e-07
9.98615e-07
2.49817e-06
9.96245e-07
2.30926e-06
1.22949e-06
2.60965e-06
1.57472e-06
2.48845e-06
2.19989e-07
3.20391e-06
3.80471e-06
1.71641e-06
3.23563e-06
2.07349e-06
1.16546e-06
1.5184e-06
7.65559e-07
2.10882e-06
2.22506e-06
5.42172e-06
1.5583e-06
3.49446e-06
1.48482e-06
1.39626e-06
3.40262e-06
1.62043e-06
7.29529e-06
3.519e-05
0.000783719
0.00128529
0.0005284
1.90804e-05
6.72653e-06
3.73487e-06
2.53041e-06
2.53971e-06
1.11697e-06
1.89506e-06
2.32487e-06
2.72128e-06
3.0939e-06
1.86712e-06
1.92044e-06
7.65947e-07
3.78253e-06
2.3722e-06
1.9596e-06
1.32718e-06
1.38288e-06
2.84668e-06
1.63723e-06
1.4989e-06
1.95808e-06
2.20085e-06
1.54795e-06
1.52737e-06
1.80428e-06
1.1717e-06
1.42396e-06
1.04819e-06
3.67468e-06
5.07432e-06
9.22417e-07
7.20256e-07
2.01823e-06
3.47498e-06
2.90139e-06
2.64457e-06
8.20495e-07
2.3658e-06
3.42617e-06
3.64289e-06
1.10753e-06
1.37229e-05
0.00025959
0.000647575
0.000388628
1.68315e-05
3.07371e-06
4.09119e-06
2.42877e-06
2.43222e-06
1.05995e-06
1.69194e-06
1.07691e-06
3.35234e-06
2.68488e-06
1.89794e-06
1.52174e-06
1.71893e-06
2.44302e-06
3.94861e-06
4.62332e-06
6.33512e-06
2.2088e-06
8.56459e-07
3.57042e-06
2.07904e-06
2.50658e-06
1.90304e-06
1.0029e-06
2.43631e-06
1.81019e-06
1.07162e-06
2.50206e-06
2.24211e-06
1.92305e-06
2.26036e-06
1.85945e-06
4.08975e-06
1.19448e-06
7.91009e-07
5.18323e-07
7.63153e-07
1.28398e-06
1.75985e-06
2.43481e-06
7.87573e-07
2.83855e-07
3.90204e-07
2.05193e-06
2.04103e-06
1.17564e-06
5.51666e-06
3.37937e-06
4.19616e-07
1.80659e-06
3.0051e-06
2.30917e-06
2.69504e-06
1.79411e-06
7.28256e-07
2.40066e-06
1.19785e-06
6.96999e-07
1.15109e-06
1.51917e-06
1.52727e-06
3.53895e-06
5.74996e-06
5.82356e-07
1.80262e-06
6.61951e-07
2.60721e-06
5.78487e-06
5.27613e-06
4.59974e-06
6.10505e-06
2.9658e-06
5.39426e-07
1.11755e-06
2.18131e-06
4.5929e-06
6.08098e-06
1.85948e-05
7.30274e-05
0.00163575
0.00269338
0.00109869
4.50702e-05
9.56815e-06
1.07151e-05
9.19799e-07
1.70644e-06
2.14425e-06
1.64966e-06
7.36673e-07
1.48433e-06
7.2013e-07
8.59947e-07
1.11497e-06
3.11675e-06
2.25394e-06
1.05098e-06
3.44159e-07
2.79962e-06
1.38602e-06
6.96407e-07
2.09848e-06
2.39225e-06
2.00314e-06
7.51411e-07
1.65455e-06
3.25728e-06
2.95784e-06
1.6208e-06
1.18586e-06
2.48755e-06
1.81686e-06
1.36685e-06
3.1772e-06
1.76134e-06
1.49144e-06
4.826e-06
1.61356e-06
1.61174e-06
2.33207e-06
2.04793e-06
2.17626e-06
4.66087e-06
1.39718e-05
3.60837e-05
0.000951559
0.00231814
0.00141855
6.69637e-05
1.54686e-05
4.48694e-06
4.2037e-06
3.25064e-06
7.24309e-07
2.2895e-06
1.2934e-06
1.15694e-06
9.43341e-07
1.42292e-06
6.31412e-07
8.42698e-07
1.41415e-06
5.08453e-06
6.84347e-06
7.83202e-06
5.39685e-06
1.06043e-06
2.2444e-06
4.77271e-06
6.10057e-06
3.87553e-06
2.63264e-06
4.28023e-06
2.35764e-06
1.19171e-06
1.35166e-06
2.55248e-06
1.27884e-06
2.07737e-06
3.74107e-06
3.15538e-07
7.07206e-07
2.27068e-07
2.40428e-06
3.77682e-06
2.32607e-06
1.71636e-06
2.04758e-07
2.37495e-06
2.86768e-06
3.06909e-06
1.1302e-06
1.48503e-06
8.71571e-07
2.46083e-06
1.04077e-06
3.37677e-06
1.99573e-06
1.01922e-06
9.04107e-07
7.86109e-07
1.43071e-06
2.35496e-06
2.57893e-06
2.20628e-06
1.3057e-06
4.01716e-07
3.60795e-07
1.35443e-06
2.15285e-06
5.06854e-06
4.41103e-06
3.99736e-06
2.08968e-07
2.5533e-06
3.80599e-06
1.34645e-06
4.77283e-06
2.03482e-06
1.75432e-06
1.77168e-06
2.27655e-06
2.19253e-06
6.11242e-07
5.03092e-06
5.02244e-06
4.01632e-05
0.000826643
0.00134496
0.000555888
2.24688e-05
6.11123e-06
5.08714e-06
1.61099e-06
1.56344e-06
2.65853e-06
2.29666e-06
4.26152e-07
1.69236e-06
2.7205e-06
1.88242e-06
1.4653e-06
2.26026e-06
1.50603e-06
1.35815e-06
3.63429e-06
3.06086e-06
3.14131e-06
1.44964e-06
3.05905e-06
1.99987e-06
1.03752e-06
2.45307e-06
1.47946e-06
2.38625e-06
2.36924e-06
2.18713e-06
1.65475e-06
1.9112e-06
1.79347e-06
1.93306e-06
4.41872e-06
2.33804e-06
6.93889e-07
6.79367e-07
1.28606e-06
3.436e-06
1.81476e-06
2.63496e-06
3.15752e-06
6.52147e-06
1.24632e-05
3.68322e-05
0.000961847
0.0023685
0.00141912
6.47624e-05
1.51772e-05
6.49094e-06
1.75206e-06
3.27105e-06
2.27476e-06
1.41678e-06
2.57575e-06
2.12716e-06
1.36667e-06
7.35856e-07
1.42238e-06
2.05848e-06
1.83504e-06
5.27886e-07
7.06834e-06
1.05464e-05
2.11023e-06
7.67284e-07
1.47426e-06
2.23238e-06
1.70679e-06
1.93699e-06
1.15812e-06
1.57793e-06
8.5239e-07
2.49467e-06
1.88806e-06
1.19773e-06
1.86053e-06
2.63891e-06
1.15566e-06
1.10549e-06
9.24613e-07
1.73655e-06
3.18682e-07
3.93546e-07
3.65056e-06
1.74209e-06
8.5478e-07
2.31976e-06
1.8927e-06
1.81139e-06
1.93582e-06
1.50413e-06
8.15777e-07
2.79873e-06
1.85198e-06
4.33215e-06
3.46839e-06
8.53259e-07
2.17084e-06
1.78847e-06
2.2531e-06
3.05811e-06
1.95322e-06
3.45664e-06
1.58561e-06
1.19498e-06
2.49795e-06
2.04727e-06
1.51083e-06
1.13969e-05
4.69171e-06
1.0411e-06
9.99868e-07
5.73797e-07
4.50757e-07
3.25382e-06
8.70457e-07
2.76646e-06
1.02427e-06
2.05034e-06
1.32733e-06
8.8504e-07
1.86428e-06
2.06787e-06
4.00794e-06
1.44327e-05
0.000363905
0.000607482
0.000243044
8.72705e-06
3.92645e-06
2.7192e-06
1.06659e-06
2.38169e-06
4.70051e-07
1.31644e-07
3.31635e-06
3.69265e-06
4.24961e-06
1.52673e-06
1.00892e-06
4.25363e-06
1.70877e-06
1.75181e-06
2.19657e-06
2.99516e-06
2.55935e-06
1.14758e-06
2.21073e-06
8.69867e-07
6.8524e-07
2.55632e-06
6.51065e-07
1.02162e-06
2.23139e-07
1.32982e-06
2.26884e-06
2.97943e-06
2.88038e-06
2.89847e-06
2.85598e-06
6.50144e-07
1.9999e-06
2.35039e-06
1.07646e-06
8.57508e-07
9.92968e-07
9.18951e-07
1.83977e-06
5.71107e-06
1.01895e-05
2.47506e-05
0.0006809
0.00166129
0.00101227
4.58327e-05
9.30928e-06
4.8305e-06
1.11079e-06
2.54504e-07
2.95971e-06
1.07707e-06
3.92071e-06
4.50473e-06
3.92294e-06
1.90094e-06
1.19918e-06
1.40658e-06
9.17841e-08
3.25218e-06
5.16217e-06
3.82824e-06
1.01993e-06
3.47217e-06
2.35909e-06
1.56132e-06
6.40292e-07
3.5142e-06
3.93357e-06
4.3819e-06
1.64128e-06
5.01773e-07
2.11671e-06
3.30856e-06
1.27848e-06
1.5457e-06
4.39675e-06
6.45971e-06
1.05208e-06
1.23568e-06
9.42245e-07
1.769e-06
1.28194e-06
2.28154e-06
1.47514e-06
2.30408e-06
2.77106e-06
1.02258e-06
1.54557e-06
2.26027e-06
1.40946e-06
3.69541e-06
2.86153e-06
3.55304e-06
1.24571e-06
2.41662e-06
2.63367e-06
5.18606e-07
1.4219e-06
1.86937e-06
5.55018e-07
7.90324e-07
1.72152e-06
1.24387e-06
4.14302e-07
7.07807e-07
1.89487e-06
7.28763e-06
4.19676e-06
1.19211e-06
1.03065e-06
8.4582e-07
4.06047e-07
2.98159e-06
2.95687e-06
3.83457e-06
2.43809e-06
3.03854e-06
1.9906e-06
2.19686e-06
3.09199e-06
3.21924e-06
7.51032e-06
3.61042e-05
0.000746515
0.00123445
0.000501002
1.57345e-05
8.33107e-06
1.9914e-06
2.81633e-06
2.42687e-06
7.70484e-07
2.99774e-06
1.56559e-06
8.87227e-07
6.44743e-07
7.49542e-07
1.53655e-06
2.11385e-06
2.65665e-06
3.8047e-06
2.65833e-06
1.9725e-06
1.1726e-06
2.40474e-06
2.09121e-06
3.08892e-06
2.52577e-06
2.28006e-06
2.72508e-06
3.07877e-06
1.30848e-06
2.65444e-06
3.50625e-06
4.13558e-06
1.66386e-06
1.49038e-06
1.94141e-06
1.87379e-06
1.33558e-06
2.61136e-06
3.12794e-06
1.63593e-06
1.8377e-06
9.53004e-07
1.26161e-06
5.54846e-06
1.16203e-05
2.95363e-05
0.000801105
0.00195881
0.00119368
5.74562e-05
1.16826e-05
6.6541e-06
2.20937e-06
5.62143e-07
2.25156e-06
4.33549e-06
3.13891e-06
2.09358e-06
2.94252e-06
4.86868e-07
1.85728e-06
3.1769e-06
2.3161e-06
1.06215e-06
3.30082e-06
6.60832e-06
3.9814e-06
9.73428e-07
1.6278e-06
1.25104e-06
4.10832e-06
4.15979e-06
2.79321e-06
2.59385e-06
1.81877e-07
1.51141e-06
2.45391e-06
2.50314e-06
1.97779e-06
3.14007e-06
2.99051e-06
4.276e-06
2.77798e-06
2.94377e-06
8.31251e-06
4.63049e-06
7.33051e-06
4.20339e-06
4.92646e-06
4.86107e-06
2.92241e-06
1.83616e-06
2.16633e-06
2.08211e-06
7.79658e-07
8.71401e-07
1.77756e-06
3.71503e-06
1.4713e-06
1.87225e-06
9.88906e-07
1.55616e-06
7.60176e-07
2.42725e-06
2.09901e-06
4.10306e-06
1.41132e-06
1.00245e-06
2.28962e-06
3.44833e-06
2.44159e-06
1.08369e-05
3.10954e-06
4.63062e-06
2.73688e-06
2.64359e-06
1.26508e-06
2.75229e-06
1.85331e-06
5.23469e-06
2.87513e-06
6.83825e-07
1.34381e-06
4.6382e-06
2.17257e-06
4.70624e-06
1.7926e-05
8.39793e-05
0.0016531
0.00272074
0.00111154
4.43907e-05
1.48745e-05
6.35463e-06
2.37866e-06
4.68565e-06
2.80616e-07
2.65812e-06
2.47936e-06
2.33439e-07
2.25935e-06
7.00887e-07
5.09449e-06
4.52247e-06
2.46431e-06
1.32762e-06
2.05207e-06
3.87617e-06
2.50694e-06
9.08638e-07
1.13477e-06
2.36588e-06
5.79065e-07
1.96198e-06
7.4301e-07
3.88214e-06
3.16298e-06
1.62494e-06
7.42121e-07
3.54365e-06
1.81471e-06
5.26296e-06
1.63329e-06
2.86623e-06
7.7137e-07
4.80861e-06
8.38878e-06
4.19943e-06
1.13983e-05
7.50482e-06
2.55789e-06
2.73384e-06
3.11926e-06
4.99676e-06
0.000168323
0.000409474
0.000244207
1.2835e-05
4.9823e-06
2.08196e-06
3.43992e-06
1.3026e-06
4.80249e-06
5.73327e-06
1.25869e-06
1.88195e-06
1.91661e-06
1.16401e-06
1.14774e-06
8.57036e-07
1.4667e-06
3.72634e-06
9.3587e-07
5.46705e-06
6.20128e-06
2.32732e-06
2.15332e-06
9.12157e-07
1.43791e-06
3.13e-06
2.79038e-06
1.84993e-06
1.25176e-06
2.05965e-06
1.92315e-06
1.92627e-06
1.649e-06
1.42759e-06
2.35512e-06
2.70551e-06
1.53466e-06
3.20531e-06
3.70056e-06
2.03915e-06
2.06399e-06
3.16278e-06
1.70559e-06
9.6398e-07
1.48907e-06
9.58236e-07
1.50315e-06
2.0601e-06
2.7145e-06
1.75914e-06
3.52399e-06
4.02125e-06
2.35899e-06
1.67939e-07
7.84893e-07
1.23942e-06
6.16305e-07
2.80095e-06
4.34405e-06
4.96894e-06
8.64502e-07
5.85782e-07
1.88367e-06
4.14293e-07
5.87784e-06
3.34684e-06
6.81124e-06
3.31524e-06
7.41867e-07
3.18474e-06
4.02791e-07
6.38881e-07
9.81125e-07
8.56756e-07
1.42294e-06
2.25368e-06
4.16851e-06
3.88981e-06
3.60059e-06
3.73376e-06
3.27902e-06
2.30238e-05
0.00046869
0.000763384
0.000308552
1.49806e-05
2.07245e-06
3.76099e-06
1.32474e-06
2.31753e-06
2.58538e-06
2.60298e-06
1.50299e-06
6.99452e-07
1.17635e-06
2.36931e-06
7.0856e-07
6.92907e-06
4.52704e-06
5.56278e-06
1.2731e-06
1.63029e-06
2.59284e-06
4.66534e-06
1.67269e-06
5.46493e-06
4.84088e-06
5.24209e-06
3.13603e-06
2.10853e-06
2.02639e-06
4.0977e-06
2.90613e-06
1.64942e-06
4.07967e-06
2.1452e-06
4.31303e-06
4.85124e-06
1.47005e-06
1.17102e-06
9.08245e-07
3.70246e-06
2.39391e-06
4.00888e-06
4.6578e-06
3.10817e-06
1.04369e-05
3.53248e-05
0.000905037
0.00220193
0.0013543
6.26932e-05
1.36111e-05
3.78771e-06
4.85014e-06
1.31435e-06
3.90193e-06
3.67181e-06
4.19468e-06
1.93981e-06
7.48932e-07
1.9227e-06
2.38302e-06
1.96787e-06
1.07754e-06
4.33766e-06
1.52591e-06
3.99054e-06
2.97074e-06
2.78444e-06
5.64941e-07
3.44844e-06
5.51162e-06
4.54778e-06
1.74879e-06
1.16976e-06
3.30402e-06
3.74904e-06
1.5367e-06
7.3396e-07
8.00983e-07
4.73306e-06
4.10044e-06
2.74172e-06
2.9605e-06
1.95069e-06
1.74822e-06
3.12693e-06
1.55651e-06
1.80625e-06
5.7742e-06
